{
 "cells": [
  {
   "cell_type": "code",
   "execution_count": 1,
   "metadata": {},
   "outputs": [],
   "source": [
    "import numpy as np \n",
    "import pandas as pd\n",
    "import sys\n",
    "import os\n",
    "\n",
    "from ase.atoms import Atom, Atoms\n",
    "from ase.parallel import paropen\n",
    "\n",
    "import seaborn as sns\n",
    "sns.set()"
   ]
  },
  {
   "cell_type": "code",
   "execution_count": 2,
   "metadata": {},
   "outputs": [],
   "source": [
    "def get_coulombmatrix(molecule, largest_mol_size=None):\n",
    "    \"\"\"\n",
    "    This function generates a coulomb matrix for the given molecule\n",
    "    if largest_mol size is provided matrix will have dimension lm x lm.\n",
    "    Padding is provided for the bottom and right _|\n",
    "    \"\"\"\n",
    "    numberAtoms = len(molecule.atoms)\n",
    "    if largest_mol_size == None or largest_mol_size == 0: largest_mol_size = numberAtoms\n",
    "\n",
    "    cij = np.zeros((largest_mol_size, largest_mol_size))\n",
    "\n",
    "    xyzmatrix = [[atom.position.x, atom.position.y, atom.position.z] for atom in molecule.atoms]\n",
    "    chargearray = [atom.atomic_number for atom in molecule.atoms]\n",
    "\n",
    "    for i in range(numberAtoms):\n",
    "        for j in range(numberAtoms):\n",
    "            if i == j:\n",
    "                cij[i][j] = 0.5 * chargearray[i] ** 2.4  # Diagonal term described by Potential energy of isolated atom\n",
    "            else:\n",
    "                dist = np.linalg.norm(np.array(xyzmatrix[i]) - np.array(xyzmatrix[j]))\n",
    "                cij[i][j] = chargearray[i] * chargearray[j] / dist  # Pair-wise repulsion\n",
    "    return cij"
   ]
  },
  {
   "cell_type": "code",
   "execution_count": 4,
   "metadata": {},
   "outputs": [
    {
     "name": "stdout",
     "output_type": "stream",
     "text": [
      "[[73.51669472 33.73297539  8.24741496  3.96011613  3.808905    3.808905\n",
      "  33.73297539 36.8581052   3.08170819  5.50690929  5.47078813  5.47078813\n",
      "   8.24741496  3.08170819  0.5         0.35443545  0.42555057  0.42555057\n",
      "   3.96011613  5.50690929  0.35443545  0.5         0.56354208  0.56354208\n",
      "   3.808905    5.47078813  0.42555057  0.56354208  0.5         0.56068143\n",
      "   3.808905    5.47078813  0.42555057  0.56354208  0.56068143  0.5       ]]\n",
      "flattened (1, 36)\n",
      "\n",
      "[[73.51669472 33.73297539  8.24741496  3.96011613  3.808905    3.808905  ]\n",
      " [33.73297539 36.8581052   3.08170819  5.50690929  5.47078813  5.47078813]\n",
      " [ 8.24741496  3.08170819  0.5         0.35443545  0.42555057  0.42555057]\n",
      " [ 3.96011613  5.50690929  0.35443545  0.5         0.56354208  0.56354208]\n",
      " [ 3.808905    5.47078813  0.42555057  0.56354208  0.5         0.56068143]\n",
      " [ 3.808905    5.47078813  0.42555057  0.56354208  0.56068143  0.5       ]]\n",
      "not flattened (6, 6)\n",
      "\n",
      "zero-padded [[73.51669472 33.73297539  8.24741496  3.96011613  3.808905    3.808905\n",
      "   0.          0.          0.          0.        ]\n",
      " [33.73297539 36.8581052   3.08170819  5.50690929  5.47078813  5.47078813\n",
      "   0.          0.          0.          0.        ]\n",
      " [ 8.24741496  3.08170819  0.5         0.35443545  0.42555057  0.42555057\n",
      "   0.          0.          0.          0.        ]\n",
      " [ 3.96011613  5.50690929  0.35443545  0.5         0.56354208  0.56354208\n",
      "   0.          0.          0.          0.        ]\n",
      " [ 3.808905    5.47078813  0.42555057  0.56354208  0.5         0.56068143\n",
      "   0.          0.          0.          0.        ]\n",
      " [ 3.808905    5.47078813  0.42555057  0.56354208  0.56068143  0.5\n",
      "   0.          0.          0.          0.        ]\n",
      " [ 0.          0.          0.          0.          0.          0.\n",
      "   0.          0.          0.          0.        ]\n",
      " [ 0.          0.          0.          0.          0.          0.\n",
      "   0.          0.          0.          0.        ]\n",
      " [ 0.          0.          0.          0.          0.          0.\n",
      "   0.          0.          0.          0.        ]\n",
      " [ 0.          0.          0.          0.          0.          0.\n",
      "   0.          0.          0.          0.        ]]\n",
      "(10, 10)\n",
      "\n",
      "with pbc [[73.51669472 33.73297539  8.24741496  3.96011613  3.808905    3.808905  ]\n",
      " [33.73297539 36.8581052   3.08170819  5.50690929  5.47078813  5.47078813]\n",
      " [ 8.24741496  3.08170819  0.5         0.35443545  0.42555057  0.42555057]\n",
      " [ 3.96011613  5.50690929  0.35443545  0.5         0.56354208  0.56354208]\n",
      " [ 3.808905    5.47078813  0.42555057  0.56354208  0.5         0.56068143]\n",
      " [ 3.808905    5.47078813  0.42555057  0.56354208  0.56068143  0.5       ]]\n",
      "\n",
      "[[73.51669472 33.73297539  8.24741496  3.96011613  3.808905    3.808905  ]\n",
      " [33.73297539 36.8581052   3.08170819  5.50690929  5.47078813  5.47078813]\n",
      " [ 8.24741496  3.08170819  0.5         0.35443545  0.42555057  0.42555057]\n",
      " [ 3.96011613  5.50690929  0.35443545  0.5         0.56354208  0.56354208]\n",
      " [ 3.808905    5.47078813  0.42555057  0.56354208  0.5         0.56068143]\n",
      " [ 3.808905    5.47078813  0.42555057  0.56354208  0.56068143  0.5       ]]\n",
      "\n",
      "[[73.51669472 33.73297539  8.24741496  3.96011613  3.808905    3.808905  ]\n",
      " [33.73297539 36.8581052   3.08170819  5.50690929  5.47078813  5.47078813]\n",
      " [ 8.24741496  3.08170819  0.5         0.35443545  0.42555057  0.42555057]\n",
      " [ 3.96011613  5.50690929  0.35443545  0.5         0.56354208  0.56354208]\n",
      " [ 3.808905    5.47078813  0.42555057  0.56354208  0.5         0.56068143]\n",
      " [ 3.808905    5.47078813  0.42555057  0.56354208  0.56068143  0.5       ]]\n",
      "\n",
      "[[73.51669472 33.73297539  8.24741496  3.96011613  3.808905    3.808905  ]\n",
      " [33.73297539 36.8581052   3.08170819  5.50690929  5.47078813  5.47078813]\n",
      " [ 8.24741496  3.08170819  0.5         0.35443545  0.42555057  0.42555057]\n",
      " [ 3.96011613  5.50690929  0.35443545  0.5         0.56354208  0.56354208]\n",
      " [ 3.808905    5.47078813  0.42555057  0.56354208  0.5         0.56068143]\n",
      " [ 3.808905    5.47078813  0.42555057  0.56354208  0.56068143  0.5       ]]\n",
      "\n",
      "['C', 'O', 'H', 'H', 'H', 'H']\n",
      "in order of appearance [[36.8581052  33.73297539  5.50690929  3.08170819  5.47078813  5.47078813]\n",
      " [33.73297539 73.51669472  3.96011613  8.24741496  3.808905    3.808905  ]\n",
      " [ 5.50690929  3.96011613  0.5         0.35443545  0.56354208  0.56354208]\n",
      " [ 3.08170819  8.24741496  0.35443545  0.5         0.42555057  0.42555057]\n",
      " [ 5.47078813  3.808905    0.56354208  0.42555057  0.5         0.56068143]\n",
      " [ 5.47078813  3.808905    0.56354208  0.42555057  0.56068143  0.5       ]]\n",
      "\n",
      "default: sorted by L2-norm [[73.51669472 33.73297539  8.24741496  3.96011613  3.808905    3.808905  ]\n",
      " [33.73297539 36.8581052   3.08170819  5.50690929  5.47078813  5.47078813]\n",
      " [ 8.24741496  3.08170819  0.5         0.35443545  0.42555057  0.42555057]\n",
      " [ 3.96011613  5.50690929  0.35443545  0.5         0.56354208  0.56354208]\n",
      " [ 3.808905    5.47078813  0.42555057  0.56354208  0.5         0.56068143]\n",
      " [ 3.808905    5.47078813  0.42555057  0.56354208  0.56068143  0.5       ]]\n",
      "\n",
      "randomly sorted [[73.51669472  3.808905    3.808905   33.73297539  3.96011613  8.24741496]\n",
      " [ 3.808905    0.5         0.56068143  5.47078813  0.56354208  0.42555057]\n",
      " [ 3.808905    0.56068143  0.5         5.47078813  0.56354208  0.42555057]\n",
      " [33.73297539  5.47078813  5.47078813 36.8581052   5.50690929  3.08170819]\n",
      " [ 3.96011613  0.56354208  0.56354208  5.50690929  0.5         0.35443545]\n",
      " [ 8.24741496  0.42555057  0.42555057  3.08170819  0.35443545  0.5       ]]\n",
      "\n",
      "eigenvalues [[ 9.55802663e+01  1.81984422e+01 -8.84554212e-01 -4.08434021e-01\n",
      "  -6.06814298e-02 -5.02389071e-02]]\n",
      "\n"
     ]
    }
   ],
   "source": [
    "from dscribe.descriptors import CoulombMatrix\n",
    "\n",
    "atomic_numbers = [1, 8]\n",
    "rcut = 6.0\n",
    "nmax = 8\n",
    "lmax = 6\n",
    "\n",
    "# Setting up the CM descriptor\n",
    "cm = CoulombMatrix(\n",
    "    n_atoms_max=6,\n",
    ")\n",
    "\n",
    "# Creation\n",
    "from ase.build import molecule\n",
    "\n",
    "# Molecule created as an ASE.Atoms\n",
    "methanol = molecule(\"CH3OH\")\n",
    "\n",
    "# Create CM output for the system\n",
    "cm_methanol = cm.create(methanol)\n",
    "\n",
    "print(cm_methanol)\n",
    "print(\"flattened\", cm_methanol.shape)\n",
    "print()\n",
    "# Create output for multiple system\n",
    "samples = [molecule(\"H2O\"), molecule(\"NO2\"), molecule(\"CO2\")]\n",
    "coulomb_matrices = cm.create(samples)            # Serial\n",
    "coulomb_matrices = cm.create(samples, n_jobs=2)  # Parallel\n",
    "\n",
    "# No flattening\n",
    "cm = CoulombMatrix(\n",
    "    n_atoms_max=6, flatten=False\n",
    ")\n",
    "cm_methanol = cm.create(methanol)\n",
    "\n",
    "print(cm_methanol)\n",
    "print(\"not flattened\", cm_methanol.shape)\n",
    "print()\n",
    "\n",
    "\n",
    "# Zero-padding\n",
    "cm = CoulombMatrix(\n",
    "    n_atoms_max=10, flatten=False\n",
    ")\n",
    "cm_methanol = cm.create(methanol)\n",
    "\n",
    "print(\"zero-padded\", cm_methanol)\n",
    "print(cm_methanol.shape)\n",
    "print()\n",
    "\n",
    "# Not meant for periodic systems\n",
    "methanol.set_pbc([True, True, True])\n",
    "methanol.set_cell([[10.0, 0.0, 0.0],\n",
    "    [0.0, 10.0, 0.0],\n",
    "    [0.0, 0.0, 10.0],\n",
    "    ])\n",
    "\n",
    "cm = CoulombMatrix(\n",
    "    n_atoms_max=6, flatten=False\n",
    ")\n",
    "\n",
    "cm_methanol = cm.create(methanol)\n",
    "print(\"with pbc\", cm_methanol)\n",
    "print()\n",
    "\n",
    "# Invariance\n",
    "cm = CoulombMatrix(\n",
    "    n_atoms_max=6,\n",
    "    flatten=False,\n",
    "    permutation=\"sorted_l2\"\n",
    ")\n",
    "\n",
    "# Translation\n",
    "methanol.translate((5, 7, 9))\n",
    "cm_methanol = cm.create(methanol)\n",
    "print(cm_methanol)\n",
    "print()\n",
    "\n",
    "# Rotation\n",
    "methanol.rotate(90, 'z', center=(0, 0, 0))\n",
    "cm_methanol = cm.create(methanol)\n",
    "print(cm_methanol)\n",
    "print()\n",
    "\n",
    "# Permutation\n",
    "upside_down_methanol = methanol[::-1]\n",
    "cm_methanol = cm.create(upside_down_methanol)\n",
    "print(cm_methanol)\n",
    "print()\n",
    "\n",
    "# Options for permutation\n",
    "\n",
    "# No sorting\n",
    "cm = CoulombMatrix(\n",
    "    n_atoms_max=6, flatten=False,\n",
    "    permutation='none'\n",
    ")\n",
    "\n",
    "cm_methanol = cm.create(methanol)\n",
    "print(methanol.get_chemical_symbols())\n",
    "print(\"in order of appearance\", cm_methanol)\n",
    "print()\n",
    "\n",
    "# Sort by Euclidean (L2) norm.\n",
    "cm = CoulombMatrix(\n",
    "    n_atoms_max=6, flatten=False,\n",
    "    permutation='sorted_l2'\n",
    ")\n",
    "\n",
    "cm_methanol = cm.create(methanol)\n",
    "print(\"default: sorted by L2-norm\", cm_methanol)\n",
    "print()\n",
    "\n",
    "# Random\n",
    "cm = CoulombMatrix(\n",
    "    n_atoms_max=6, flatten=False,\n",
    "    permutation='random',\n",
    "    sigma=70,\n",
    "    seed=None\n",
    ")\n",
    "\n",
    "cm_methanol = cm.create(methanol)\n",
    "print(\"randomly sorted\", cm_methanol)\n",
    "print()\n",
    "\n",
    "# Eigenspectrum\n",
    "cm = CoulombMatrix( \n",
    "    n_atoms_max=6, flatten=False,\n",
    "    permutation='eigenspectrum'\n",
    ")\n",
    "\n",
    "cm_methanol = cm.create(methanol)\n",
    "print(\"eigenvalues\", cm_methanol)\n",
    "print()\n"
   ]
  },
  {
   "cell_type": "code",
   "execution_count": null,
   "metadata": {},
   "outputs": [],
   "source": []
  }
 ],
 "metadata": {
  "kernelspec": {
   "display_name": "Python 3",
   "language": "python",
   "name": "python3"
  },
  "language_info": {
   "codemirror_mode": {
    "name": "ipython",
    "version": 3
   },
   "file_extension": ".py",
   "mimetype": "text/x-python",
   "name": "python",
   "nbconvert_exporter": "python",
   "pygments_lexer": "ipython3",
   "version": "3.7.6"
  }
 },
 "nbformat": 4,
 "nbformat_minor": 2
}
